$ANSIBLE_VAULT;1.1;AES256
62313165356334323138653132313237633830323662303636366433653732303435613634626531
6164633737373039313532373330663564633237393534330a303733353664366136306334333565
35333334366539663733386338363366643037326263363739656637623837666336656632396365
3737643262393936390a663863613431356236646163343834643566363939653263366661383963
61363663376133353539333866663766396639633230396561613031353631353361623234663236
62353037633764336330623263623462336537656661333865656534306263663234386539643532
34666162616139373833393930396337633361653032613966616561333736313561323064383931
30383663646131323536633763353763373166313334393134373239356562346138616630353365
36373130346232363833343863643464336664383766646636653835383938396264666431303035
30646237396633363163636237363766313363646238336462396435666232333261643533666133
66653932633634626166653837653366353232636531303461343031356332636433616330383666
62306632363436376139353534346261323363323630646338393830633361656531363339343065
3233
